20.592
20.588
20.594
20.598
20.590
20.594
20.590
20.584
20.598
20.588
20.594
20.588
20.590
20.582
20.598
20.588
20.594
20.588
20.594
20.598
20.594
20.592
20.586
20.584
20.598
20.582
20.584
20.598
20.588
20.584
20.588
20.588
20.588
20.582
20.588
20.588
20.598
20.588
20.584
20.588
20.588
20.598
20.582
20.584
20.586
20.588
20.598
20.588
20.584
20.588
20.588
20.588
20.588
20.586
20.588
20.588
20.598
20.588
20.592
20.588
20.592
20.598
20.584
20.586
20.588
20.582
20.588
20.588
20.590
20.588
20.598
20.592
20.592
20.594
20.592
20.598
20.584
20.592
20.598
20.592
20.584
20.584
20.598
20.598
20.586
20.584
20.598
20.588
20.598
20.588
20.594
20.598
20.584
20.584
20.598
20.588
20.592
20.588
20.592
20.588
20.592
20.588
20.592
20.588
20.584
20.582
20.582
20.588
20.588
20.588
20.588
20.582
20.588
20.588
20.588
20.588
20.588
20.592
20.582
20.594
20.592
20.594
20.592
20.590
20.592
20.598
20.592
20.594
20.594
20.590
20.586
20.598
20.588
20.594
20.582
20.590
20.588
20.590
20.588
20.588
20.586
20.598
20.598
20.592
20.592
20.584
20.584
20.586
20.586
20.588
20.598
20.588
20.584
20.588
20.588
20.588
20.588
20.588
20.588
20.588
20.588
20.586
20.596
20.590
20.598
20.582
20.598
20.594
20.598
20.596
20.596
20.586
20.588
20.580
20.584
20.588
20.584
20.584
20.598
20.592
20.588
20.594
20.592
20.588
20.594
20.584
20.594
20.582
20.594
20.584
20.594
20.582
20.594
20.592
20.584
20.584
20.584
20.582
20.588
20.582
20.582
20.598
20.578
20.586
20.592
20.584
20.592
20.582
20.580
20.594
20.592
20.592
20.588
20.586
20.592
20.582
20.584
20.578
20.592
20.578
20.584
20.582
20.578
20.582
20.582
20.588
20.592
20.584
20.592
20.582
20.588
20.594
20.584
20.584
20.592
20.592
20.592
20.584
20.584
20.598
20.578
20.594
20.582
20.588
20.594
20.584
20.580
20.594
20.582
20.594
20.584
20.588
20.580
20.584
20.584
20.596
20.592
20.594
20.588
20.588
20.594
20.594
20.580
20.586
20.582
20.588
20.592
20.594
20.594
20.584
20.588
20.580
20.594
20.586
20.592
20.584
20.594
20.584
20.588
20.580
20.584
20.588
20.594
20.592
20.594
20.586
20.588
20.588
20.584
20.594
20.594
20.594
20.580
20.596
20.594
20.580
20.586
20.584
20.582
20.584
20.594
20.584
20.590
20.596
20.592
20.584
20.594
20.588
20.592
20.588
20.584
20.598
20.582
20.584
20.588
20.588
20.594
20.590
20.588
20.600
20.592
20.602
20.596
20.596
20.611
20.607
20.609
20.617
20.602
20.617
20.609
20.615
20.619
20.623
20.617
20.617
20.639
20.643
20.643
20.653
20.663
20.659
20.661
20.663
20.663
20.665
20.659
20.659
20.645
20.639
20.637
20.627
20.623
20.613
20.598
20.574
20.556
20.546
20.533
20.529
20.511
20.513
20.507
20.535
20.145
20.194
20.296
20.692
20.751
20.789
20.812
20.830
20.808
20.765
20.722
20.686
20.663
20.643
20.298
20.194
20.229
20.340
20.684
20.682
20.265
20.044
20.623
20.653
20.651
20.682
20.710
20.698
20.657
20.649
20.680
20.710
20.663
20.596
20.948
20.535
20.430
20.483
20.531
20.523
20.198
20.680
20.714
20.735
20.310
20.710
20.700
20.728
20.661
20.598
20.525
20.198
20.137
20.621
20.340
20.241
20.487
20.501
20.576
20.531
20.489
20.023
20.210
20.527
20.562
20.316
20.676
20.682
20.718
20.747
20.759
20.602
20.619
20.647
20.698
20.682
20.684
20.737
20.700
20.692
20.745
20.743
20.263
20.714
20.830
20.863
21.379
21.295
21.324
21.092
20.926
20.739
21.450
20.698
21.450
20.615
20.574
20.539
20.537
20.602
20.206
20.657
20.576
20.525
20.592
20.564
19.877
20.066
20.566
20.001
20.814
20.708
20.889
20.932
20.926
20.787
20.728
20.759
20.275
20.802
21.383
20.598
20.162
20.694
20.787
21.159
20.720
20.645
20.529
20.596
20.972
20.698
20.149
21.450
20.730
20.724
20.659
20.688
19.887
20.621
20.227
20.448
20.448
.000
.000
20.653
20.826
20.730
20.730
20.806
21.336
20.485
20.670
20.850
20.613
21.450
20.580
20.533
20.623
20.676
20.735
20.737
20.767
20.220
20.617
19.989
20.751
20.031
20.755
20.814
20.411
20.046
20.633
21.204
20.978
20.667
20.832
20.741
20.340
20.834
20.716
20.716
20.753
21.210
20.690
20.804
20.735
20.787
20.773
20.724
20.511
20.615
19.771
20.651
20.757
20.773
20.773
20.426
20.548
20.239
20.625
20.692
20.726
20.322
20.631
20.865
20.712
20.690
20.735
20.840
20.749
20.820
20.688
20.519
20.659
20.840
20.574
20.840
20.765
20.732
20.838
20.472
20.785
19.962
20.802
20.732
20.635
20.708
20.730
21.281
20.765
20.865
20.865
20.806
20.869
20.743
20.743
20.781
20.751
20.848
20.718
20.911
20.972
20.958
20.692
20.897
20.659
20.340
20.737
20.863
20.867
20.765
20.302
20.934
20.974
20.871
20.944
20.708
20.834
20.237
20.834
20.824
20.659
20.722
20.852
20.844
20.708
20.883
20.653
20.340
20.735
20.781
20.865
20.728
20.793
20.832
21.001
20.846
20.340
20.753
20.678
20.690
20.871
20.818
20.763
21.541
20.592
20.938
20.852
20.901
20.808
20.710
20.875
20.844
20.751
20.926
20.915
20.340
20.808
20.873
21.058
20.875
20.804
20.883
20.913
20.964
20.869
20.899
20.836
20.830
20.865
20.806
20.875
20.789
20.808
20.755
20.769
20.850
20.895
20.251
20.814
20.828
20.735
21.011
20.944
20.970
20.802
21.047
20.773
20.850
20.873
20.826
21.054
20.970
20.834
20.889
20.954
20.863
20.893
20.751
20.887
20.940
20.848
20.706
20.793
20.793
20.800
20.883
20.921
20.808
21.060
20.875
20.854
20.783
20.960
20.889
20.700
20.852
20.905
20.822
20.814
20.832
20.832
20.765
20.237
20.694
20.820
20.820
20.921
20.749
20.783
21.003
20.883
20.875
20.767
20.832
20.905
21.106
21.450
20.842
21.017
20.830
20.180
21.013
20.773
20.899
20.911
20.814
21.495
20.846
20.735
20.728
20.741
20.755
20.921
20.848
20.832
20.844
20.743
20.948
20.848
20.828
20.846
20.735
20.822
20.735
20.793
20.655
20.340
20.763
20.793
20.818
20.172
20.875
20.850
20.625
20.759
20.759
20.899
20.692
20.674
20.773
20.708
20.659
20.781
20.678
20.489
20.635
20.706
20.604
20.290
20.848
20.672
20.761
20.657
21.373
21.019
20.470
20.600
20.013
20.637
20.588
20.700
20.702
20.672
20.698
20.600
20.527
20.676
20.769
20.639
20.743
20.743
20.600
20.070
19.867
20.653
20.867
20.781
20.558
20.521
20.940
20.456
19.956
20.259
19.973
20.600
20.243
20.600
19.966
20.544
20.369
20.493
20.493
20.403
19.938
20.619
20.619
20.507
20.507
20.517
20.456
19.810
20.044
20.381
21.037
20.641
19.997
20.468
20.468
20.535
20.535
20.619
20.509
20.468
20.566
20.472
20.511
21.340
21.340
20.436
20.499
20.287
20.991
20.017
20.330
20.318
20.515
20.416
20.346
20.003
20.546
20.373
20.584
19.897
21.027
19.981
20.222
20.367
20.340
20.355
20.476
20.413
20.186
19.757
20.411
20.216
20.302
20.314
20.381
20.320
20.216
20.338
20.208
20.172
20.257
20.411
20.340
19.607
20.224
20.218
20.519
20.184
20.192
20.162
20.198
20.204
20.155
20.625
19.735
20.052
20.019
20.460
20.088
19.999
19.999
.000
20.131
19.430
20.090
20.090
20.072
20.072
20.070
20.005
20.078
20.094
20.036
19.887
19.452
19.928
19.991
19.991
19.944
19.853
19.792
19.857
20.066
19.938
20.076
19.983
19.757
19.987
19.956
19.334
19.840
19.954
19.834
19.521
19.584
19.924
19.782
19.820
20.101
19.206
19.454
19.908
19.855
19.855
19.710
19.861
19.206
19.385
19.999
19.806
20.082
19.737
19.822
19.899
19.883
19.804
19.771
19.792
19.842
19.820
19.820
19.918
19.830
20.003
19.828
19.755
19.818
19.719
19.875
19.721
19.733
19.737
19.849
20.566
19.637
19.877
19.769
19.680
19.729
19.698
19.792
19.845
19.712
19.759
19.649
19.777
19.828
19.278
19.584
19.790
19.751
19.816
19.853
19.674
19.631
19.471
19.694
19.729
19.501
19.719
19.735
19.704
19.613
19.625
19.714
19.794
19.609
19.694
19.690
19.601
19.690
19.621
19.588
19.523
19.662
19.733
19.710
19.700
19.664
19.759
19.666
19.802
19.743
19.842
19.645
19.747
19.735
19.753
19.777
19.832
19.660
19.739
19.668
19.867
20.497
19.806
19.901
19.741
19.798
19.704
19.755
19.574
19.743
19.977
19.784
19.798
19.802
19.759
19.729
19.743
19.889
19.810
19.611
19.641
19.859
19.885
19.686
19.798
19.773
19.775
19.676
19.751
19.962
19.790
19.800
19.786
20.440
19.026
19.826
19.710
19.757
19.739
19.635
19.662
19.680
19.743
19.747
19.755
19.794
20.036
19.641
19.804
19.692
19.782
19.729
19.832
19.753
19.629
19.708
19.739
19.808
19.072
19.712
19.658
19.737
19.788
19.633
19.751
19.875
19.745
19.717
19.761
19.735
19.782
19.822
19.812
19.680
19.875
19.871
19.861
19.779
19.696
19.696
19.784
19.948
19.834
19.820
19.489
19.834
19.881
19.838
19.422
19.822
19.873
19.782
19.853
19.968
19.936
19.859
19.916
19.999
19.855
19.206
20.031
19.320
19.916
19.985
20.003
19.879
19.938
19.954
19.901
20.084
20.005
19.968
19.875
19.822
19.987
19.942
19.875
19.408
19.782
20.840
19.962
19.962
19.962
19.962
19.983
20.111
19.899
19.895
20.141
20.033
20.511
20.178
20.875
20.503
20.503
20.180
20.180
20.052
20.052
20.125
20.377
20.060
20.186
19.966
20.133
20.066
20.424
20.072
20.078
19.595
20.038
20.096
20.133
20.227
20.025
20.196
20.641
19.999
19.534
20.785
20.060
20.180
20.186
20.064
20.180
20.040
20.133
20.338
20.115
20.046
20.162
20.155
20.190
20.202
20.188
20.188
20.210
20.212
20.166
20.190
20.249
20.076
20.178
20.139
20.241
20.224
19.672
20.214
20.186
20.273
19.489
20.239
20.239
.000
.000
.000
19.389
20.267
20.127
20.080
20.267
19.851
20.594
20.109
20.027
20.277
20.237
20.237
20.031
20.186
20.127
20.096
20.220
20.137
20.159
20.287
20.005
20.048
20.204
19.993
20.220
20.107
19.771
20.048
20.145
20.168
20.875
19.940
20.086
20.113
20.005
20.090
20.277
19.552
19.666
19.928
20.131
20.038
20.099
20.176
20.125
20.218
19.721
20.665
19.497
20.149
20.119
20.285
19.759
20.105
19.942
20.117
20.105
20.162
20.027
20.139
20.131
20.271
19.357
20.222
20.046
20.090
19.979
20.151
20.080
20.233
20.162
19.489
20.113
19.519
20.127
20.164
20.066
20.184
20.099
19.999
20.253
19.672
20.157
20.178
19.324
19.324
20.011
20.056
20.119
19.918
19.918
19.584
20.027
20.162
19.930
20.076
19.822
20.117
19.418
20.072
19.958
19.206
19.950
20.166
20.090
19.694
20.042
20.084
20.013
20.078
20.038
20.086
19.517
19.979
19.989
19.958
19.958
20.027
20.121
19.899
19.255
20.066
20.099
19.977
19.930
20.101
19.924
20.048
19.940
19.910
19.940
20.001
19.660
19.515
20.076
19.420
19.991
19.991
20.072
20.694
20.072
20.186
19.993
19.993
20.003
20.125
20.164
20.076
19.989
19.983
19.540
20.009
19.511
19.989
19.989
19.946
20.056
20.123
20.105
20.237
20.005
20.109
20.031
19.426
20.109
20.038
20.184
20.115
20.198
19.973
20.539
19.454
20.005
20.076
19.997
20.025
20.038
19.977
19.934
20.101
19.940
20.050
19.649
19.316
19.971
19.916
19.916
19.688
19.918
20.235
19.834
19.932
19.932
19.973
19.952
20.452
19.885
19.838
20.440
19.993
20.501
19.928
19.538
19.830
19.662
19.877
19.847
19.832
19.903
19.881
20.066
20.387
19.792
19.771
19.905
19.334
19.412
19.914
19.885
19.971
19.908
19.989
20.029
19.674
19.749
19.883
19.883
19.418
19.922
19.243
19.857
19.948
19.960
19.928
20.397
19.460
19.940
19.995
19.532
19.981
20.005
20.007
19.458
20.001
19.993
20.048
19.938
20.056
20.027
20.151
20.155
19.721
19.812
19.993
20.129
20.153
19.601
19.975
20.147
20.227
19.408
20.166
19.404
20.072
20.115
20.568
19.332
20.174
19.530
20.245
20.109
20.505
20.168
20.204
20.629
20.162
20.070
19.932
20.164
20.125
19.934
20.588
20.588
19.373
20.188
20.233
20.029
20.036
20.090
20.090
20.017
20.066
20.172
19.936
19.607
20.062
20.200
20.025
20.198
20.198
20.218
19.593
20.017
20.017
20.031
20.031
19.995
20.103
19.426
20.092
20.119
19.694
19.979
19.570
19.924
19.320
19.629
20.609
19.505
19.505
19.983
19.983
19.989
19.950
20.068
19.914
20.105
20.070
19.985
19.962
19.971
20.131
19.206
19.930
20.848
19.938
19.528
20.082
20.082
.000
.000
19.751
20.050
19.920
19.647
19.973
19.922
19.983
19.918
19.471
19.471
19.845
19.802
19.968
19.908
20.464
20.464
20.564
19.851
19.940
19.993
20.001
19.989
20.641
19.853
19.887
19.885
19.940
19.875
19.840
19.940
20.875
19.979
19.863
19.905
19.784
19.985
19.871
19.826
20.044
19.792
19.849
19.950
19.842
19.777
19.857
19.968
19.836
19.824
19.875
19.889
20.048
20.048
19.873
19.926
19.830
19.863
19.893
19.893
19.767
19.816
19.804
19.595
19.812
19.788
19.903
19.851
19.782
19.875
19.950
19.883
19.798
19.788
19.840
19.741
19.901
19.775
19.810
19.851
19.855
19.887
19.806
19.820
19.808
19.828
19.743
19.804
19.859
19.822
19.672
19.926
19.908
19.820
19.873
19.830
19.698
19.934
19.735
19.879
19.861
19.385
19.672
19.731
19.798
19.798
19.771
19.804
19.810
20.019
19.826
19.796
19.796
19.739
19.804
19.804
.000
19.798
19.812
19.889
19.759
19.806
19.838
19.786
19.863
19.597
19.465
19.749
20.013
19.842
19.946
19.802
19.861
20.460
20.011
19.782
19.733
19.838
19.802
19.861
19.946
19.206
19.851
19.883
19.753
19.883
19.934
19.855
19.851
20.767
19.869
19.818
19.857
19.731
19.895
19.905
19.861
19.800
20.019
19.790
19.981
20.487
20.033
19.485
20.600
20.787
19.873
19.873
19.983
19.983
19.922
20.101
19.968
19.985
20.029
20.613
19.584
19.981
20.044
20.220
19.966
20.025
20.308
19.936
19.944
20.170
20.698
20.036
20.029
20.092
20.127
20.062
20.105
20.021
19.479
19.574
20.084
20.070
20.822
20.737
20.125
20.200
20.259
20.178
20.109
20.099
20.143
20.139
20.186
20.566
20.113
20.099
20.151
20.001
20.121
20.190
20.131
19.749
20.084
20.103
20.285
20.233
20.275
20.424
20.218
19.584
20.198
20.271
20.162
20.127
20.287
19.958
20.355
20.324
19.737
20.334
20.269
20.233
20.275
20.241
20.184
20.285
20.245
20.180
20.194
20.316
20.208
20.105
20.255
20.464
20.196
20.224
20.147
20.383
19.477
20.155
20.229
20.283
19.753
20.129
20.229
20.147
20.251
20.279
20.379
19.851
20.261
19.438
20.308
20.243
20.292
20.340
20.143
20.027
19.771
20.208
20.420
20.357
20.275
20.379
20.328
19.393
20.281
20.334
20.292
20.340
20.176
20.263
20.436
20.436
20.338
20.218
20.316
20.227
20.340
19.570
20.310
20.422
20.275
20.255
20.422
20.355
20.350
20.411
20.424
20.385
20.505
20.422
20.355
19.861
20.397
20.527
20.517
20.322
20.452
20.395
20.350
20.444
20.407
20.493
20.493
20.952
20.464
20.564
20.521
20.371
20.546
20.554
20.696
20.661
20.056
20.501
20.434
20.525
20.466
20.586
20.078
20.590
19.871
20.570
20.509
20.613
20.481
20.503
20.724
20.552
20.464
20.586
20.430
21.009
20.633
20.700
21.186
19.995
20.519
20.556
20.442
20.761
19.771
20.718
20.487
20.527
20.692
21.196
20.279
19.914
20.450
20.576
20.025
20.261
20.582
20.470
20.714
20.332
20.332
20.531
20.686
20.552
20.617
20.722
20.576
21.092
20.635
20.519
20.720
20.686
20.615
20.728
21.204
20.405
20.580
20.499
20.761
20.588
20.387
20.224
20.550
20.416
20.676
21.450
19.771
21.112
20.405
20.119
20.470
20.604
19.771
21.450
20.458
20.639
20.507
20.127
20.527
20.438
20.489
20.013
20.732
20.625
20.596
20.535
20.582
20.196
21.119
20.607
20.659
20.739
20.446
20.684
19.867
20.645
20.625
20.509
20.621
20.787
20.706
20.761
20.570
20.670
20.653
20.759
20.728
20.220
20.781
20.304
20.861
20.661
20.755
20.714
20.795
20.670
20.749
21.100
21.178
20.779
20.031
20.783
20.804
20.930
20.700
20.182
20.806
19.814
20.826
20.964
20.568
20.798
20.875
20.824
20.787
20.779
20.800
21.068
20.832
20.761
20.793
20.893
20.716
20.755
20.984
20.763
20.852
20.735
20.984
20.722
20.838
20.936
20.789
20.800
20.688
20.889
20.824
20.830
20.968
20.826
21.450
21.029
20.989
20.743
20.702
20.844
20.779
20.917
20.787
20.802
20.897
20.791
20.932
21.468
20.926
20.869
21.058
20.609
20.676
20.789
20.810
20.808
20.928
20.861
20.767
20.783
20.783
20.625
20.854
20.759
20.800
20.800
20.980
20.879
20.863
20.761
20.791
20.789
20.206
20.684
20.082
20.724
20.771
20.781
20.875
20.802
20.848
20.290
20.247
20.840
20.739
20.769
20.818
20.732
20.808
20.537
20.802
20.881
20.930
20.885
20.714
20.753
20.785
20.869
20.863
20.863
20.172
20.306
20.840
20.816
20.899
20.747
20.812
20.202
20.783
20.848
20.822
20.846
20.745
20.775
20.732
20.684
20.639
20.724
20.759
20.674
20.674
20.212
20.753
20.661
20.737
20.741
20.686
20.676
20.804
20.798
20.680
20.631
21.450
20.074
20.600
19.771
19.771
20.507
20.537
20.513
20.507
20.724
21.369
20.515
20.243
20.353
19.952
20.092
20.133
20.609
20.535
20.562
20.387
20.355
20.355
20.474
19.771
19.771
19.771
20.363
20.363
20.470
20.708
20.464
20.389
20.527
20.572
20.373
20.529
21.253
20.485
20.393
20.304
20.432
20.375
20.369
20.428
20.099
20.139
20.340
20.233
20.180
19.381
19.489
19.237
20.076
19.548
19.958
20.003
19.960
20.125
20.040
19.861
19.818
19.820
19.930
19.546
19.936
19.834
19.849
19.826
19.940
19.853
19.950
19.936
20.454
19.899
19.822
19.786
19.786
19.784
19.893
19.751
19.836
19.402
20.050
19.895
19.259
19.877
20.422
19.887
19.887
19.808
19.808
19.782
20.011
20.367
19.903
19.952
19.379
19.897
19.995
19.863
19.851
19.857
19.723
20.464
19.731
19.662
19.745
19.771
19.729
19.678
19.688
19.666
19.623
19.662
19.034
19.755
19.530
19.684
18.910
19.552
19.887
19.694
19.511
19.625
19.477
19.633
18.826
19.530
19.599
19.619
19.521
19.485
19.658
19.087
18.790
19.751
19.757
19.576
20.546
19.745
19.662
19.458
19.578
19.727
19.633
19.552
18.922
19.662
19.613
19.698
19.593
19.564
19.442
19.654
19.115
19.097
19.708
19.637
19.591
19.603
19.489
19.477
19.725
19.611
19.725
19.495
19.164
19.525
19.688
19.607
19.538
19.645
19.572
19.137
19.739
19.641
19.662
19.591
19.702
19.666
19.621
19.735
19.743
19.733
19.615
19.842
19.717
19.629
19.576
19.737
19.765
19.119
19.119
19.794
19.586
19.836
19.680
19.751
19.631
19.560
19.613
18.963
19.668
19.814
19.731
19.962
19.857
19.771
19.899
19.692
19.905
19.934
19.842
19.814
19.928
19.956
19.991
19.983
19.440
19.889
19.875
19.845
19.966
19.450
19.944
19.940
20.007
19.905
19.905
.000
20.147
19.424
20.054
20.399
20.036
20.040
20.036
19.956
20.875
20.548
20.103
20.068
20.031
20.052
20.749
20.820
20.113
20.031
19.206
19.962
19.206
19.964
20.060
20.068
19.936
20.592
20.117
20.194
19.595
19.950
20.094
20.212
20.184
20.290
20.166
20.038
19.771
20.019
20.048
20.133
20.133
19.987
20.129
20.162
20.135
19.521
20.237
20.107
20.216
19.501
20.003
20.216
20.015
20.094
20.109
19.568
20.125
20.202
20.609
20.109
19.702
20.235
20.090
20.066
20.111
20.113
20.038
20.224
20.588
20.192
20.125
20.198
20.125
20.056
20.194
20.184
20.135
19.383
20.196
20.245
20.296
19.714
20.186
20.218
20.178
20.117
20.094
20.243
20.355
20.476
20.426
20.312
20.281
20.298
20.233
20.287
20.383
20.143
20.424
20.346
20.391
20.348
20.458
20.582
20.379
20.029
19.968
20.411
20.460
20.474
20.478
20.446
20.539
20.519
19.962
20.541
20.263
20.556
20.438
20.501
20.519
20.450
20.574
20.574
20.135
20.493
20.025
20.007
20.533
20.444
20.478
20.499
21.080
20.674
20.324
20.485
20.997
20.340
20.594
20.495
20.493
20.493
20.596
20.598
20.483
20.647
20.141
20.401
19.771
20.420
20.609
21.194
20.365
21.007
20.495
20.564
20.476
20.556
19.918
20.485
20.401
20.604
20.641
20.639
20.539
20.574
20.544
20.391
20.641
20.027
20.466
20.367
20.507
20.499
20.013
20.586
20.403
20.033
20.056
20.353
20.487
20.292
20.348
20.413
20.367
20.566
20.503
20.389
20.340
20.082
19.962
20.489
20.237
20.564
20.432
20.464
20.353
19.879
20.519
20.424
19.814
20.322
19.771
20.239
20.285
20.367
20.330
20.330
20.393
20.357
20.363
20.334
20.255
20.302
20.304
20.281
20.253
20.186
20.277
20.283
20.227
20.192
20.159
20.265
20.109
19.666
20.348
20.153
20.269
20.239
20.208
20.159
19.999
20.162
20.182
20.166
20.125
20.166
20.196
20.155
19.964
20.312
20.186
20.174
20.086
19.546
20.121
20.137
20.086
20.113
19.639
19.206
20.078
20.064
20.273
20.170
20.125
20.086
20.009
20.176
20.074
20.550
19.995
19.471
19.471
19.893
19.995
20.072
19.363
19.944
19.942
20.068
19.901
19.881
19.899
19.979
19.849
19.938
19.849
19.871
19.408
19.975
19.865
19.359
20.436
19.206
19.842
20.038
19.968
20.107
19.954
19.442
19.924
19.251
20.003
20.005
19.473
19.899
19.851
19.664
20.096
20.009
19.263
20.159
19.930
19.863
19.814
19.871
19.910
19.855
19.901
19.908
19.934
19.863
19.973
19.942
20.080
19.822
19.861
20.011
19.865
19.810
19.869
19.869
19.810
19.936
19.995
20.056
19.501
20.119
20.003
19.979
19.938
20.546
19.960
19.973
19.968
19.206
20.103
20.224
20.084
19.869
19.605
20.062
20.131
20.227
20.003
20.088
20.038
20.033
20.040
20.013
20.099
20.078
19.993
19.489
19.960
19.928
20.446
20.119
20.023
20.726
19.914
20.875
19.834
20.072
20.529
19.503
19.286
20.076
20.151
19.948
20.050
19.954
19.489
19.999
20.147
20.062
19.983
20.092
20.149
20.229
20.078
20.060
19.975
20.218
20.029
20.029
20.159
20.139
20.249
20.084
20.025
20.021
20.056
20.029
20.507
19.316
20.505
19.771
20.119
20.141
20.188
20.029
20.200
20.111
19.954
20.875
19.611
19.523
19.288
19.918
19.922
19.611
19.895
19.956
20.009
20.495
20.044
19.920
19.353
20.162
20.068
20.101
19.948
19.751
20.003
20.115
19.938
20.054
19.603
20.121
19.454
20.054
20.054
20.190
20.190
19.473
20.056
19.629
20.133
20.556
20.556
19.489
20.015
20.025
20.261
20.001
19.855
20.413
20.413
20.182
19.985
20.080
20.267
19.926
19.901
19.647
19.794
20.056
20.056
.000
20.038
20.038
20.753
19.999
19.901
19.546
20.141
20.143
20.011
20.011
20.204
20.078
20.155
20.149
19.946
20.239
20.062
19.855
20.875
19.530
20.206
19.377
19.664
20.074
19.871
20.023
19.397
19.934
19.276
20.029
19.867
19.879
19.477
20.038
19.660
19.660
19.859
19.977
20.038
20.007
19.910
19.999
20.033
19.977
19.438
19.438
20.495
19.924
20.040
20.875
19.908
20.023
19.452
19.956
19.956
19.651
20.222
20.113
19.956
19.952
19.887
20.054
20.056
20.127
19.300
19.300
19.899
20.038
19.932
19.932
20.036
20.017
20.017
19.847
20.025
19.836
20.003
19.851
19.404
19.625
20.009
20.084
19.910
20.015
20.141
20.166
20.166
19.891
20.015
20.050
19.607
19.899
20.269
20.125
19.444
20.111
20.875
19.999
20.155
20.609
20.838
19.206
19.895
20.149
20.040
20.162
19.987
19.857
19.847
20.019
20.080
19.987
19.934
19.475
20.036
20.023
20.038
19.903
20.050
19.936
19.940
20.143
19.627
19.922
20.013
19.729
19.735
19.966
20.763
19.804
19.771
19.452
19.733
19.812
19.887
19.588
19.865
19.330
20.582
19.769
19.775
19.654
19.960
20.875
19.725
19.810
19.897
19.767
19.889
19.497
19.855
19.960
19.800
19.914
19.930
19.328
20.040
19.588
20.044
19.977
19.985
20.023
19.981
20.082
20.031
20.031
20.757
20.023
19.956
19.597
20.121
19.568
20.019
19.706
20.444
19.924
19.424
20.048
19.989
19.895
19.891
20.017
19.206
20.541
20.031
19.828
20.875
19.952
19.916
19.771
19.779
19.599
19.682
19.830
19.672
19.847
19.826
19.814
19.763
19.863
19.863
19.851
19.759
19.771
19.840
19.761
19.410
19.698
19.698
19.816
19.771
19.737
19.662
19.714
19.546
20.017
19.765
19.863
19.761
19.704
19.460
19.538
19.763
19.704
19.690
19.745
19.666
19.684
19.554
19.814
19.771
19.588
19.629
19.536
20.340
19.593
19.690
19.694
19.576
19.692
19.765
19.757
19.779
20.239
19.568
19.206
19.731
19.692
19.751
19.690
19.798
19.666
19.775
19.792
19.950
19.761
19.782
19.812
19.891
19.660
19.826
19.958
19.836
19.922
19.875
19.810
19.989
19.922
19.792
19.895
19.377
19.420
19.934
19.641
19.641
.000
19.849
19.849
19.946
19.946
20.017
19.751
19.960
20.099
19.410
20.017
19.912
19.901
19.885
20.178
20.178
19.968
19.964
19.956
20.050
20.440
20.523
19.493
19.686
20.017
20.125
20.684
19.895
20.157
19.962
19.950
20.099
20.099
20.728
20.036
20.096
19.895
20.056
20.139
19.692
20.224
20.001
19.595
20.139
20.180
20.196
20.119
20.190
20.038
20.269
20.222
19.381
20.247
20.257
20.224
20.298
20.166
20.235
20.113
20.271
20.143
20.302
20.210
20.261
20.231
20.324
20.080
20.283
20.304
20.365
20.359
20.245
20.334
20.267
20.357
20.359
20.267
20.194
20.101
20.255
20.346
20.265
20.363
20.092
20.318
20.166
20.330
20.292
20.182
20.533
20.383
20.322
20.353
20.395
20.326
20.458
20.355
20.466
20.554
20.109
21.450
19.995
20.367
19.922
20.438
20.454
20.653
20.607
20.564
20.454
20.497
20.464
20.489
20.413
20.564
20.525
20.623
20.172
20.533
20.052
20.318
20.613
20.513
20.637
20.446
20.570
20.645
20.535
20.692
21.019
20.066
20.635
20.588
20.466
20.517
20.655
20.552
20.678
20.580
20.607
20.759
20.676
20.745
20.454
20.511
20.497
20.497
20.623
20.670
20.651
19.818
20.706
20.036
20.556
19.938
20.661
21.192
20.422
20.619
20.426
20.702
20.706
20.678
20.759
20.816
20.795
20.793
20.830
20.846
20.940
20.858
20.661
20.672
20.793
20.828
20.749
20.712
20.763
20.844
20.180
20.830
20.871
20.798
20.921
20.708
20.867
20.769
20.686
20.769
20.755
20.670
20.724
20.822
20.621
20.775
20.702
20.672
21.381
20.637
20.724
20.726
20.700
20.816
20.615
20.103
20.556
21.450
20.367
20.107
20.629
20.501
20.501
19.891
20.712
20.560
20.395
19.794
20.676
20.582
20.570
20.523
20.657
21.007
20.507
20.611
20.535
20.468
19.855
20.478
20.503
20.416
20.416
21.247
20.416
20.576
20.411
20.344
20.454
20.454
21.112
20.371
20.442
20.365
19.771
20.440
20.430
20.115
20.353
20.409
20.196
20.389
20.367
20.385
20.086
20.332
20.596
20.200
20.214
20.227
20.285
20.103
20.072
19.454
20.147
20.216
20.070
20.220
19.686
20.099
20.137
19.983
19.753
19.729
20.875
19.867
19.954
19.966
19.784
19.792
19.751
19.964
19.828
19.903
19.964
19.643
19.901
19.966
19.625
19.987
19.918
19.932
19.489
20.082
20.082
19.948
19.948
19.771
19.987
19.591
20.036
19.489
19.936
19.936
.000
.000
19.678
20.387
20.003
19.513
19.934
19.788
19.926
19.292
19.631
19.779
19.895
19.853
19.840
19.966
20.007
19.763
19.788
19.769
19.891
19.845
19.830
19.859
19.832
19.692
19.656
19.651
19.702
19.723
19.103
19.662
18.859
19.647
19.759
19.743
19.611
19.641
19.885
19.729
19.676
19.769
19.847
19.779
19.700
19.591
19.694
19.666
19.639
19.763
19.625
19.611
19.611
19.680
19.168
19.706
19.714
19.658
19.692
19.798
19.719
19.702
19.739
19.761
19.206
19.710
19.651
19.617
19.674
19.353
19.660
19.739
19.753
19.743
19.690
19.794
19.064
19.666
19.741
19.804
20.751
19.708
19.818
19.834
19.806
19.873
20.168
19.859
19.849
19.717
19.767
19.863
19.958
19.991
20.064
19.584
20.623
19.206
20.056
19.903
19.897
19.950
19.824
19.763
19.668
19.879
20.531
20.531
19.564
19.936
19.369
19.428
19.964
20.038
19.865
19.865
20.090
20.135
20.141
20.735
20.031
19.916
19.993
19.879
20.088
20.003
19.944
19.920
19.956
20.151
20.151
20.074
20.019
19.924
20.070
20.115
20.153
19.550
20.192
20.113
19.593
20.033
20.237
20.239
20.046
20.186
20.033
20.056
20.180
20.180
20.180
20.078
20.137
20.121
20.180
19.532
20.202
20.320
20.003
20.227
20.001
20.123
20.145
20.151
20.273
20.206
20.151
20.283
20.283
20.320
20.227
20.188
20.255
20.326
19.771
20.279
20.446
20.359
20.537
20.909
19.985
20.527
20.509
20.302
20.389
20.395
20.511
20.381
19.977
20.440
20.466
20.566
20.450
20.470
19.861
20.448
21.358
20.511
20.483
20.483
20.411
20.562
20.525
20.572
20.420
20.432
20.769
19.912
20.659
20.454
20.525
20.572
20.519
20.476
20.454
20.497
21.234
20.485
20.416
20.539
20.424
19.995
20.056
20.448
20.381
20.413
20.310
20.340
20.290
19.993
20.001
20.393
20.454
20.385
20.340
20.395
20.440
20.365
20.895
19.938
20.426
21.017
19.903
20.483
20.316
20.422
20.340
20.430
20.367
20.395
20.539
19.771
20.452
20.346
20.460
20.539
20.340
20.346
20.273
20.401
20.355
20.166
20.385
20.320
20.312
20.474
20.497
20.267
20.251
20.235
20.466
20.251
20.544
20.296
19.719
20.247
20.164
20.176
20.385
20.212
20.222
20.121
20.212
20.131
19.483
20.188
20.279
19.651
20.162
19.983
20.121
20.025
20.233
20.052
20.088
20.184
20.265
19.914
20.176
20.074
20.113
19.353
20.208
20.048
20.147
20.273
20.283
20.031
20.070
19.698
19.698
20.092
20.064
20.096
20.096
20.497
19.993
20.237
20.003
19.749
20.050
19.534
20.007
20.007
20.121
20.121
.000
19.922
20.007
20.084
19.940
19.928
19.855
20.009
20.115
19.924
19.968
19.952
19.948
19.511
19.359
20.875
20.145
20.145
.000
.000
20.013
19.458
19.922
19.903
19.950
19.928
19.985
19.853
19.761
20.038
20.107
20.103
20.011
19.989
20.007
19.924
19.952
19.987
19.314
19.511
20.121
19.414
19.973
20.103
20.090
20.137
20.143
20.011
20.040
20.005
19.956
19.556
20.125
20.019
19.521
20.023
20.237
20.015
20.015
20.086
20.109
20.086
20.145
20.133
20.749
20.029
19.206
19.842
20.141
20.249
19.696
20.115
20.192
20.168
20.029
20.141
20.263
20.149
20.080
20.186
20.174
20.174
20.229
20.229
20.322
20.168
20.243
20.609
20.125
20.145
20.125
20.285
20.166
19.450
20.296
20.099
20.139
20.178
19.985
20.233
20.235
20.257
19.958
20.190
20.190
20.137
20.050
20.192
19.926
19.903
20.109
19.958
19.981
20.147
20.013
20.135
20.011
20.133
20.206
20.149
20.182
20.245
20.135
20.088
20.153
20.143
20.294
20.184
20.247
20.188
20.350
20.334
20.107
20.092
20.139
20.178
20.031
20.251
20.064
20.312
20.302
20.320
20.227
20.009
20.263
20.031
20.182
20.038
20.107
20.294
19.719
20.334
20.202
19.584
19.979
20.281
20.239
20.224
20.090
20.168
20.123
19.922
20.038
20.048
20.155
20.109
20.064
20.332
20.084
20.058
20.214
20.149
20.149
20.048
20.129
20.135
20.265
20.127
20.170
20.212
19.983
20.233
20.064
20.332
20.235
20.103
20.013
19.771
20.127
19.489
20.143
20.009
19.991
19.924
20.021
20.005
19.830
19.631
19.936
20.003
20.007
20.115
20.157
20.245
20.145
20.064
19.989
19.353
20.048
20.184
20.084
20.259
20.259
.000
19.694
20.094
20.105
20.042
20.042
.000
.000
20.285
20.420
20.430
20.054
20.103
20.092
20.190
19.863
19.416
19.717
20.227
20.119
20.190
19.855
20.101
20.115
20.115
20.168
20.159
20.054
20.096
20.080
20.070
20.247
20.064
20.072
20.320
20.117
20.227
20.698
20.204
20.027
20.639
19.591
20.056
20.143
19.582
19.582
20.084
20.062
20.127
20.023
20.389
19.962
19.924
19.893
19.552
19.552
19.952
19.930
19.806
19.958
19.834
19.747
19.842
19.363
19.206
19.871
19.343
19.426
19.869
19.499
19.859
20.054
19.891
19.463
19.790
19.564
19.912
19.952
19.946
19.863
19.861
19.542
19.950
19.928
19.853
19.985
20.031
20.519
20.665
20.038
19.983
20.025
20.060
20.013
20.127
20.166
19.995
20.556
20.009
19.995
19.206
19.936
19.552
19.767
19.767
20.135
20.135
19.406
19.206
19.889
19.966
19.788
19.918
19.918
19.802
19.891
19.743
19.863
19.639
19.731
19.881
19.794
19.741
19.867
19.739
19.936
19.926
19.735
19.710
19.170
19.818
19.729
19.761
19.761
.000
.000
19.771
19.717
19.410
19.678
19.771
19.680
19.877
19.731
19.704
19.206
19.842
19.091
19.708
19.698
19.788
19.788
.000
19.810
19.674
19.861
19.804
19.633
19.771
19.629
19.727
19.842
19.765
19.737
19.794
19.684
19.857
19.822
19.820
19.771
19.812
19.891
19.895
19.938
19.958
19.359
19.958
20.017
20.076
19.956
19.922
19.946
20.066
19.971
20.036
20.086
20.086
20.127
19.981
20.009
20.115
20.243
19.954
20.535
20.084
20.151
20.162
20.080
20.107
20.099
20.088
20.153
20.241
20.052
20.145
20.174
20.119
20.168
20.253
20.139
20.117
20.231
20.153
20.068
20.312
20.241
20.245
20.281
20.273
20.042
20.391
20.249
19.942
20.259
20.255
20.249
20.448
20.294
20.273
20.446
20.283
20.188
20.064
20.259
20.924
20.190
20.251
20.369
20.298
20.172
20.348
20.411
20.373
20.371
20.346
20.050
20.537
20.318
20.493
20.123
20.340
20.411
20.466
20.594
20.391
20.131
20.495
20.375
20.088
20.068
20.537
20.550
20.348
20.562
20.064
20.934
20.452
20.564
21.245
20.483
20.472
20.633
20.633
20.397
21.163
20.460
20.001
20.529
20.529
20.661
20.661
21.346
20.218
19.905
20.450
20.600
20.548
20.460
20.637
20.539
20.525
20.184
20.598
20.598
20.698
20.698
.000
.000
20.133
20.539
21.373
21.064
21.064
20.535
20.535
20.611
21.450
20.456
20.511
20.558
20.665
20.517
20.584
19.830
19.771
20.586
20.594
20.515
20.483
20.483
20.580
20.600
20.503
20.812
20.854
20.635
20.718
20.737
20.690
20.773
20.783
20.741
20.763
20.340
20.680
20.698
20.832
20.659
20.854
20.714
20.964
20.739
20.013
20.340
20.854
20.621
20.239
20.621
20.720
20.659
20.692
20.712
20.795
21.314
20.757
20.757
20.716
20.753
20.688
20.663
20.623
19.993
20.572
20.598
20.214
20.485
20.594
20.688
20.631
21.450
20.139
20.440
20.554
20.621
19.944
19.771
20.485
20.470
20.674
20.489
20.338
20.009
20.397
20.552
20.440
20.426
20.509
20.460
20.497
20.531
20.229
20.523
20.296
20.353
20.353
20.397
20.387
20.357
20.373
20.371
20.265
20.255
20.273
20.255
20.237
20.237
20.058
19.420
20.060
20.050
20.111
19.993
20.013
20.023
19.851
19.922
19.924
19.804
19.832
19.836
19.812
19.387
19.739
19.755
19.836
19.826
19.956
19.914
19.471
19.458
19.979
19.495
19.938
20.060
19.914
19.987
19.479
19.814
19.934
19.867
19.863
20.440
20.086
19.274
19.993
19.975
19.930
19.320
19.942
19.918
19.733
19.867
19.759
19.763
19.840
19.840
19.631
19.662
19.810
19.729
19.761
19.725
19.881
19.641
19.751
19.627
19.651
19.731
19.576
19.603
19.219
19.633
19.668
19.725
19.702
19.818
19.662
19.745
19.767
19.832
19.576
19.719
19.570
19.706
19.635
19.595
19.714
19.574
19.763
19.737
19.737
19.729
19.603
19.532
19.635
19.741
19.739
19.786
18.999
19.952
19.631
19.680
19.664
19.745
19.755
19.816
19.639
19.702
19.710
19.759
19.686
19.712
19.603
19.662
19.603
19.712
19.700
19.700
19.605
19.779
19.719
19.700
19.802
19.723
19.971
19.786
19.786
19.849
19.749
19.751
19.782
19.664
19.719
19.696
19.117
19.574
19.651
19.899
19.845
19.914
20.058
19.794
19.412
19.806
19.895
19.810
19.863
19.402
19.816
19.731
19.800
19.855
19.771
20.432
19.983
19.879
19.816
19.808
19.763
19.865
19.855
19.656
19.962
20.426
19.725
19.808
19.206
19.739
19.639
19.747
19.950
19.812
20.054
20.033
19.824
19.784
19.784
20.054
19.871
19.670
19.717
19.826
19.826
19.395
19.855
19.725
19.794
20.013
19.822
19.666
19.503
19.920
19.816
19.206
19.771
20.123
19.871
19.747
19.308
19.964
19.767
20.101
19.820
19.753
19.903
19.993
19.964
20.027
19.989
20.060
19.991
20.082
20.594
19.712
19.206
20.005
20.040
19.822
19.962
20.196
20.694
19.993
19.964
19.903
19.430
19.977
19.942
20.072
19.893
20.529
19.975
19.975
20.105
20.070
19.826
19.826
19.964
20.131
19.381
19.966
20.178
19.936
20.064
20.783
20.113
19.958
20.066
20.204
20.011
20.011
19.993
19.395
20.434
20.027
19.979
19.987
19.863
19.936
19.942
19.889
20.141
19.948
20.036
19.989
19.656
20.265
20.166
20.194
19.908
19.836
19.836
19.383
20.090
20.040
20.076
20.117
20.241
20.109
20.109
20.155
20.062
19.454
19.245
19.973
20.220
19.540
19.631
20.202
19.747
20.170
20.066
20.019
20.001
20.013
20.190
20.072
20.440
20.033
20.135
20.062
20.239
20.239
20.090
19.625
20.170
20.151
19.968
20.103
19.706
19.645
20.290
19.578
20.143
20.170
20.285
20.168
20.206
20.267
20.162
20.218
20.300
20.383
20.153
20.198
20.084
20.133
20.145
20.275
19.950
20.306
20.192
20.369
20.292
20.220
20.204
20.224
20.224
20.389
20.468
20.357
20.255
20.271
20.413
20.340
20.249
19.771
20.357
20.375
20.387
20.472
20.275
20.535
20.371
20.456
20.198
20.460
19.771
20.448
20.964
20.609
20.521
20.566
20.609
20.515
20.505
20.418
20.418
20.505
21.393
21.336
20.031
20.604
20.594
20.730
20.076
20.737
20.633
20.672
20.635
20.525
20.505
20.013
20.932
20.468
20.481
20.363
20.413
20.036
20.442
20.483
20.403
20.521
20.387
20.448
20.448
.000
20.511
20.515
20.448
20.464
20.403
20.403
20.420
20.422
20.261
20.444
20.430
20.466
20.391
20.511
20.375
20.424
20.403
20.428
20.432
20.243
20.334
20.434
20.330
20.974
20.237
20.324
20.036
20.322
20.172
20.190
20.162
20.155
20.159
20.235
20.220
20.127
20.208
20.062
20.147
20.176
19.999
20.066
20.064
20.029
19.928
20.153
20.025
20.048
19.513
19.261
19.966
20.133
20.133
20.204
19.971
20.115
19.877
20.086
20.005
20.472
19.554
19.912
19.871
19.950
19.956
19.971
19.914
19.936
19.928
19.883
19.891
19.952
19.861
19.987
20.216
20.036
19.869
19.918
20.424
19.905
19.400
19.859
20.875
19.914
19.960
19.851
19.873
19.881
20.119
20.019
19.867
20.580
20.015
19.920
19.954
20.113
19.958
19.966
19.918
20.194
20.088
20.590
20.074
19.899
20.105
20.176
20.092
20.029
20.192
20.117
19.771
20.141
19.759
20.233
20.092
20.054
19.960
19.656
19.534
20.042
19.739
20.609
20.076
19.408
19.985
20.001
20.096
19.999
20.243
20.166
19.908
20.015
19.206
20.127
20.133
20.172
20.139
20.275
20.220
20.267
20.251
20.255
20.218
20.320
20.119
20.103
20.180
20.198
20.166
20.048
19.465
20.101
20.088
20.302
20.188
20.147
19.997
20.661
20.123
20.172
19.727
20.220
19.570
20.298
20.170
20.088
20.184
20.036
20.082
20.220
19.887
19.985
19.977
20.139
20.235
20.164
20.208
20.054
20.066
20.064
20.348
20.111
20.198
20.044
20.168
20.814
20.178
20.229
20.176
20.113
20.125
20.249
20.224
20.413
20.231
20.208
20.094
19.995
20.206
20.231
20.202
20.052
20.155
20.082
20.314
19.568
20.048
20.121
20.159
20.202
20.042
20.422
20.422
20.125
20.149
19.999
20.107
20.186
20.048
20.111
20.123
19.584
20.011
20.101
20.101
20.129
19.725
20.029
19.284
19.284
20.080
20.237
19.999
19.859
19.960
20.025
20.040
20.133
20.133
19.584
20.021
20.190
20.025
19.456
19.267
20.162
20.769
20.033
20.155
20.029
20.029
.000
.000
19.485
19.601
20.241
19.387
20.029
19.511
20.001
20.046
19.928
19.936
20.070
19.926
20.054
20.054
19.456
19.985
19.926
19.983
19.879
19.930
20.407
19.777
19.853
19.842
19.910
19.826
19.769
20.023
19.979
19.905
19.948
19.993
19.897
19.828
19.893
19.757
19.922
19.859
19.977
19.895
19.952
19.910
20.025
20.025
20.023
19.869
19.901
20.460
19.743
20.011
20.005
20.082
19.922
19.922
19.771
20.196
19.932
19.903
20.078
19.719
20.082
19.932
19.471
19.861
19.918
19.777
19.847
19.877
19.672
19.824
19.743
19.820
19.926
19.820
19.690
19.830
19.771
19.834
19.830
19.700
19.814
19.761
19.739
19.863
19.733
19.842
19.883
19.723
19.627
19.765
19.761
19.828
19.751
19.745
19.832
19.796
19.696
19.790
19.625
19.649
19.814
19.690
19.889
19.771
19.637
19.779
19.763
19.546
19.822
19.723
19.865
19.802
19.830
19.733
19.836
20.013
19.420
19.769
19.710
19.847
19.786
19.786
19.454
20.680
20.111
19.995
19.901
19.960
20.068
19.631
19.930
19.930
19.946
20.033
20.011
19.458
20.535
19.621
20.149
19.971
20.609
20.131
20.005
19.887
20.096
20.054
20.769
20.086
20.121
19.206
20.875
19.989
20.145
20.131
20.084
20.241
20.267
20.137
20.119
20.139
19.621
20.117
20.190
20.249
20.377
20.361
19.999
20.224
20.101
20.196
20.157
20.151
20.383
20.109
20.237
19.593
19.654
20.176
20.182
20.464
20.247
20.308
20.340
20.332
20.332
20.267
20.287
20.338
20.237
20.143
20.257
20.407
20.162
20.273
19.619
20.312
21.039
20.456
20.420
20.371
20.344
20.241
20.462
20.103
19.958
20.405
19.952
20.330
20.505
20.416
20.592
20.505
20.137
20.607
20.491
19.991
20.535
20.515
20.076
20.507
20.562
21.190
20.369
20.594
20.594
20.621
20.582
21.358
20.617
20.474
20.121
20.623
20.556
20.586
20.560
20.653
20.123
20.672
20.678
20.249
20.613
20.527
20.529
20.556
20.702
20.718
20.401
20.688
20.537
20.641
20.747
20.694
20.694
20.086
20.533
20.428
20.533
20.535
20.568
19.973
20.180
19.861
20.517
20.617
20.739
20.680
20.576
20.861
19.977
20.798
20.621
20.682
20.737
20.777
20.850
20.869
20.783
20.871
20.702
20.958
20.757
20.659
20.763
20.686
20.143
20.791
20.757
20.722
20.692
20.848
21.068
20.749
20.125
20.529
20.584
20.997
20.706
20.574
20.604
20.726
21.450
20.665
19.771
20.659
20.574
19.952
20.389
20.357
20.470
20.448
20.564
20.413
20.428
20.458
20.330
20.466
20.438
20.405
20.346
20.367
20.208
20.076
20.218
20.137
20.365
20.141
20.111
20.119
20.119
19.359
19.981
19.442
19.881
19.812
19.769
19.763
19.763
19.786
19.820
19.812
19.863
19.938
19.448
19.845
19.883
19.936
19.905
20.131
19.278
19.489
19.905
20.017
19.692
19.810
20.044
19.895
19.895
.000
19.861
19.855
19.877
19.861
19.786
19.769
19.765
19.731
19.615
19.686
19.206
19.483
19.627
19.694
19.692
19.686
19.739
19.822
19.572
19.719
19.794
19.810
19.615
19.891
19.836
19.109
19.678
19.731
19.690
19.588
19.599
19.838
19.672
19.477
19.678
19.591
19.584
19.684
19.662
19.603
19.761
19.680
19.619
19.680
19.631
19.712
19.639
19.660
19.800
19.605
19.743
19.505
19.505
19.607
19.611
19.853
19.759
19.908
20.070
20.834
19.717
19.895
19.871
19.861
19.871
19.727
19.855
19.928
20.137
19.960
19.960
19.483
19.505
19.798
19.932
19.869
19.883
20.391
19.842
19.806
19.621
19.853
19.432
20.426
20.426
19.905
19.905
20.013
19.942
19.922
19.820
19.934
19.337
19.922
20.072
19.578
19.922
20.080
19.686
20.025
20.027
19.621
19.981
20.001
20.109
19.395
19.771
20.042
19.952
19.889
20.046
20.042
19.993
19.932
19.206
20.123
20.267
20.267
20.369
20.031
20.166
20.023
20.251
19.936
20.159
20.074
20.074
19.940
20.109
20.007
20.129
19.973
20.036
20.243
20.229
20.318
20.076
20.162
20.359
20.344
20.273
20.253
20.243
20.239
19.914
20.753
20.525
20.485
20.261
20.596
20.535
19.962
20.399
20.430
20.448
20.399
20.513
20.446
20.430
20.332
20.499
20.643
20.509
20.554
20.515
20.462
20.720
20.568
20.769
20.558
20.033
20.314
20.314
20.531
20.511
20.554
20.348
20.397
20.444
20.546
20.346
20.474
19.771
20.509
21.163
20.196
20.196
20.365
20.365
20.458
20.458
20.499
20.320
20.381
20.578
20.397
20.460
20.420
20.448
20.271
20.222
20.371
20.115
20.348
20.304
20.263
20.353
20.257
20.153
20.178
20.180
20.222
20.036
20.143
19.654
19.623
20.072
20.224
20.090
20.001
20.009
20.009
20.172
19.964
19.993
20.005
20.119
20.099
20.092
20.096
19.578
20.058
19.206
20.273
19.989
20.763
20.121
20.011
20.101
19.981
19.932
20.050
19.676
19.932
19.816
20.548
20.548
20.007
19.897
19.824
19.824
19.985
19.885
20.592
19.932
19.928
20.446
19.875
20.088
20.011
19.847
20.527
20.281
19.922
19.893
19.901
20.133
19.857
19.932
19.918
19.901
19.861
19.948
20.027
19.883
19.936
20.832
20.029
19.499
19.977
19.977
.000
.000
20.621
20.139
20.019
19.353
19.946
20.159
20.080
19.332
20.216
20.216
19.540
20.113
20.046
19.822
20.204
20.216
20.054
19.932
20.127
19.651
20.834
20.137
20.119
20.178
20.176
20.074
20.074
20.066
20.168
20.168
20.074
20.164
20.046
20.078
20.198
20.011
20.159
20.190
20.180
19.558
19.558
19.755
20.324
20.172
20.243
20.145
20.584
20.261
20.227
20.094
20.214
20.151
20.088
20.251
20.036
20.036
20.255
20.117
20.088
20.096
20.129
20.292
20.076
20.168
20.243
20.292
20.125
20.168
20.206
20.188
19.607
20.322
20.159
20.145
20.222
20.202
20.121
20.143
20.261
19.737
20.068
19.343
20.159
20.159
20.082
20.082
20.092
20.080
19.952
20.245
20.180
20.159
20.218
20.141
20.237
20.290
20.227
19.450
20.196
20.243
20.405
20.277
20.277
20.237
20.269
20.393
20.393
20.413
20.287
20.194
20.214
20.263
20.190
20.340
20.263
20.096
20.275
20.131
20.149
20.194
20.279
20.141
20.042
19.623
20.125
20.172
20.306
20.231
20.194
19.631
20.121
20.198
20.245
20.078
20.285
19.619
20.019
20.164
20.224
20.135
20.202
20.216
19.928
19.609
20.064
20.147
20.048
20.196
19.568
20.109
20.137
19.971
20.157
20.056
20.237
19.938
20.036
19.962
20.208
19.930
20.170
20.123
20.682
20.147
20.127
20.070
20.070
.000
19.979
20.204
20.070
20.222
20.316
19.700
20.015
19.580
20.446
20.082
19.434
20.159
19.503
19.603
19.603
20.066
20.066
20.036
19.950
19.879
19.993
19.983
19.983
19.901
19.910
19.871
19.942
20.050
19.912
19.873
19.824
19.867
19.964
19.771
19.859
19.804
19.960
19.784
19.922
19.920
19.946
19.958
20.149
19.938
19.914
19.934
19.914
19.968
19.523
19.871
20.117
19.995
20.056
19.912
20.044
19.517
19.938
19.930
19.977
19.936
20.029
20.229
19.847
19.847
20.119
19.861
19.908
19.966
19.450
20.019
20.019
20.019
19.840
19.391
19.649
19.834
19.869
19.979
19.966
19.784
19.926
19.741
19.932
19.973
19.721
19.700
20.875
19.800
19.739
19.639
19.668
19.842
19.871
19.842
19.696
19.822
19.629
19.714
19.710
19.710
19.842
19.771
19.682
19.771
19.743
19.651
19.680
19.810
19.651
19.751
19.729
19.714
19.812
19.788
19.649
19.899
19.832
19.719
19.771
19.824
19.739
19.406
19.838
19.832
19.934
19.853
19.861
19.324
20.749
19.619
19.928
20.135
19.373
20.127
19.948
19.855
20.042
19.328
20.155
20.023
19.987
19.450
20.017
19.979
19.599
19.698
20.046
20.149
20.009
20.088
19.528
20.176
20.178
20.143
20.218
20.222
20.033
20.304
20.283
20.326
20.231
20.115
20.099
20.174
20.231
21.052
20.194
20.320
20.245
20.298
20.448
20.196
20.476
20.147
20.377
19.723
20.253
20.249
20.255
20.296
20.503
20.334
20.519
20.222
20.405
20.377
19.883
20.562
20.517
20.359
20.541
20.527
20.525
20.495
20.515
20.021
20.168
20.541
21.238
20.570
21.163
20.637
20.637
.000
.000
20.629
20.613
20.611
21.450
20.462
20.674
20.572
20.574
20.661
20.704
20.483
20.767
20.485
20.625
21.425
20.584
20.495
19.928
20.582
20.478
20.511
20.470
20.576
20.481
20.548
20.552
20.621
20.751
20.810
20.793
20.789
20.765
20.812
20.791
20.735
20.724
20.773
20.789
20.732
20.852
20.676
20.840
20.901
20.848
20.694
20.755
20.661
20.787
20.793
20.810
20.712
20.834
21.393
20.613
20.541
20.765
20.631
20.773
20.625
20.692
20.212
20.474
20.174
20.615
20.452
19.928
20.676
20.491
20.497
20.507
20.450
20.379
19.861
20.416
20.395
20.190
20.523
20.493
20.312
20.442
20.373
21.450
20.253
20.206
20.259
20.322
20.326
20.050
20.233
20.109
19.999
19.960
19.560
19.942
19.924
19.822
19.899
19.883
19.802
19.842
19.812
20.413
20.025
19.936
20.456
19.842
20.015
19.532
19.968
20.115
19.930
20.017
19.845
19.867
19.940
19.515
19.525
20.042
19.859
20.031
19.922
19.861
19.966
19.914
19.897
19.964
19.676
19.916
19.798
19.609
19.702
19.690
19.757
19.814
19.800
19.619
19.769
19.666
19.643
19.869
19.885
19.729
19.483
19.822
19.637
19.692
19.733
19.869
19.798
19.719
19.704
19.867
19.702
19.714
19.743
19.802
19.735
19.668
19.822
19.912
19.804
19.621
19.670
19.869
19.369
19.899
19.777
19.851
19.737
19.554
19.743
19.956
19.893
19.938
19.834
19.814
19.840
19.869
20.789
19.812
19.859
19.859
20.507
19.997
20.143
19.920
19.946
19.814
19.373
19.938
19.584
19.912
20.009
19.936
19.511
20.153
20.178
20.127
20.519
19.971
19.816
19.960
19.771
19.877
20.017
19.920
19.424
19.944
19.389
20.070
20.875
20.875
20.062
19.558
19.395
20.119
19.975
19.641
20.129
20.210
20.068
20.101
19.887
20.076
20.178
20.141
20.198
20.031
20.147
20.208
20.046
20.070
20.172
20.103
20.198
20.050
20.166
20.263
20.056
20.111
20.478
20.180
20.147
20.385
20.269
20.204
20.101
20.137
20.210
20.222
20.188
20.281
20.312
20.330
20.336
20.353
20.312
20.411
20.468
19.824
20.491
20.385
20.454
20.466
20.509
20.411
20.476
20.407
20.499
20.350
20.350
20.663
20.214
21.224
20.497
20.523
20.115
20.493
20.444
20.483
20.365
20.499
20.550
20.348
20.340
20.517
20.444
20.296
20.535
20.338
20.377
20.350
20.411
20.375
20.353
20.302
20.489
20.416
20.332
20.365
20.334
20.310
20.302
20.271
20.216
20.115
20.143
20.119
20.290
20.109
20.249
19.985
20.003
20.172
20.162
19.962
20.875
19.948
19.550
20.038
19.934
19.971
19.865
19.320
20.078
19.576
20.743
19.966
19.538
19.838
19.820
19.840
19.808
19.908
19.796
19.438
19.853
19.859
19.737
19.893
19.767
19.828
20.444
19.349
19.786
19.710
19.853
19.814
19.836
19.899
19.954
19.775
19.942
19.942
19.968
19.887
19.877
19.905
19.981
20.210
19.912
19.936
19.979
19.339
19.910
19.922
19.349
19.239
20.003
19.912
19.912
20.056
19.956
19.962
20.072
19.975
20.064
20.009
19.891
20.099
19.534
20.153
20.040
20.109
20.233
20.015
20.015
20.229
20.001
20.096
19.670
19.611
19.511
20.111
20.072
20.147
20.060
20.141
20.600
20.040
19.741
19.469
20.029
20.070
19.956
20.235
20.117
20.121
20.198
20.198
20.220
20.184
20.060
20.050
20.257
20.434
20.625
20.194
20.875
19.875
20.363
20.237
20.212
20.212
20.153
20.072
20.448
20.875
20.188
20.180
20.107
20.107
.000
.000
19.918
20.099
20.157
20.190
20.202
20.224
20.001
20.084
19.465
20.162
20.145
20.135
19.946
19.946
20.802
20.068
20.194
19.877
19.940
19.989
19.702
20.068
20.109
20.023
20.119
19.964
19.964
20.007
20.145
20.078
19.481
20.159
20.665
20.166
20.092
19.593
20.105
19.668
20.080
20.212
20.379
20.027
19.341
20.088
20.009
20.229
19.932
20.279
19.206
19.936
20.090
20.186
20.147
20.056
19.534
20.027
20.153
20.058
20.216
19.871
19.477
20.096
20.003
20.048
19.962
19.857
20.072
19.855
20.706
19.922
19.851
20.086
20.086
19.536
19.928
19.899
19.723
19.920
19.842
19.798
19.798
19.971
19.808
19.363
19.771
20.036
19.332
19.501
19.912
19.206
19.206
19.973
19.440
19.942
20.011
19.895
20.003
19.979
19.404
19.979
19.525
19.822
19.341
20.040
20.017
20.056
19.830
20.497
19.960
20.159
19.591
19.891
19.934
19.926
19.611
19.948
19.879
20.277
19.985
19.995
19.954
19.995
19.383
20.708
20.007
20.013
19.853
19.834
19.944
20.007
19.875
19.932
19.932
19.818
19.905
19.899
19.867
19.920
19.995
19.879
19.836
19.875
19.794
19.877
19.891
19.792
19.788
19.771
19.836
19.908
19.908
19.771
19.777
19.824
19.901
19.832
19.755
19.678
19.727
19.836
19.702
19.842
19.889
19.753
19.613
19.747
19.863
19.777
19.721
19.851
19.838
19.806
19.845
19.948
19.891
19.847
19.867
19.818
20.007
19.869
19.954
19.926
20.005
19.367
20.101
19.721
19.936
20.096
20.147
20.062
19.895
19.928
19.934
20.044
20.251
20.137
20.009
20.078
19.442
20.070
20.188
20.072
20.178
20.208
20.220
20.239
20.212
20.340
20.391
20.235
20.279
20.322
20.159
19.269
20.277
20.188
20.241
20.277
20.249
20.277
20.117
20.407
20.245
20.273
20.216
20.277
20.269
20.407
20.257
20.251
20.391
21.297
20.434
20.476
20.493
20.401
20.450
20.513
20.426
20.395
20.511
20.495
20.533
20.381
20.042
20.428
20.409
21.301
20.722
20.529
20.529
20.033
20.621
20.698
20.568
20.501
20.235
20.509
20.099
20.615
20.594
20.066
20.066
20.499
20.086
20.481
20.056
20.535
20.535
20.596
20.596
20.584
20.684
20.706
20.690
20.800
20.779
20.785
20.793
20.584
20.625
20.875
20.186
20.735
20.728
20.769
20.730
20.753
20.643
20.706
20.657
20.682
20.653
20.017
20.773
20.765
20.231
20.527
20.491
20.521
20.411
20.552
20.466
20.464
20.379
20.493
20.328
20.383
20.340
20.411
20.300
20.391
20.168
20.273
20.229
20.298
19.995
20.119
19.206
20.064
19.940
19.873
19.895
19.838
20.005
19.806
19.824
20.304
19.865
19.822
19.851
19.838
19.928
19.936
19.847
19.968
19.822
19.822
20.875
19.908
19.786
20.529
19.593
19.914
19.229
19.810
19.719
19.658
19.731
19.798
19.818
19.818
19.674
19.658
19.684
19.747
19.747
19.710
19.700
19.688
19.928
19.808
19.875
19.753
19.812
19.660
19.814
19.609
19.739
19.855
19.753
19.731
19.788
19.794
19.794
19.599
19.686
19.666
19.725
19.698
19.698
19.369
19.836
19.828
19.739
19.883
20.483
19.863
20.013
19.359
19.883
19.784
19.948
19.942
19.428
20.588
19.206
19.946
19.505
19.956
19.956
20.198
20.198
19.206
19.875
19.804
20.001
19.966
20.009
19.952
20.036
19.999
20.609
20.141
19.946
19.574
20.153
20.153
20.121
20.054
20.184
19.495
19.997
20.001
19.938
20.139
20.257
19.966
20.241
20.005
20.013
19.666
20.050
20.029
20.007
20.166
20.115
20.141
19.771
19.771
20.153
20.121
20.194
20.249
19.654
19.473
20.159
20.166
20.290
20.318
20.196
20.214
20.099
20.151
20.304
20.178
20.257
20.190
20.308
20.391
20.418
20.420
20.336
20.304
20.310
20.511
20.330
20.346
20.367
20.371
20.365
20.432
20.489
20.531
20.424
20.472
19.962
20.586
20.387
20.369
20.517
20.432
19.979
20.574
20.472
20.462
20.198
20.448
20.468
20.550
20.678
20.513
20.481
20.452
20.674
20.562
20.651
20.460
19.908
20.974
20.537
20.493
20.483
20.653
20.775
20.641
20.503
20.468
20.594
20.507
20.519
20.468
20.131
21.308
20.450
20.499
20.566
20.458
20.505
20.164
19.771
20.485
20.483
21.312
20.446
20.470
20.446
20.379
20.446
19.771
20.424
20.005
19.818
20.505
21.308
20.505
20.357
20.399
20.379
20.304
20.430
20.444
20.324
19.771
20.458
20.446
20.546
20.426
20.544
21.346
20.440
20.450
20.302
20.485
20.495
20.495
20.491
20.344
19.771
20.552
20.418
20.369
20.491
20.454
20.418
20.350
20.448
20.371
20.042
20.454
20.420
20.535
20.318
20.312
20.245
20.509
20.314
20.454
20.263
20.281
20.227
20.263
20.338
20.235
20.757
20.330
20.304
20.265
20.290
20.200
20.249
19.560
20.119
20.188
20.159
19.979
20.249
20.186
20.155
20.166
20.129
20.277
20.125
20.005
20.162
20.105
20.005
20.176
20.048
20.190
19.973
19.971
19.479
20.283
20.137
19.489
20.153
20.184
20.637
20.123
19.908
19.973
19.564
20.019
20.042
19.956
19.940
20.556
19.977
20.038
19.267
20.564
20.609
20.793
19.985
19.932
19.830
19.830
19.964
20.875
20.013
19.966
20.013
20.021
20.090
20.090
.000
20.007
19.525
19.859
19.956
20.714
19.495
19.908
19.855
20.038
19.361
19.971
19.373
19.993
19.999
19.928
19.595
19.666
20.481
20.019
19.623
19.948
20.058
19.371
19.595
20.109
19.938
20.096
20.056
19.414
19.463
20.084
20.139
20.149
20.149
19.379
19.719
20.064
20.875
20.099
19.678
19.206
19.206
20.188
20.188
20.003
19.936
19.914
20.145
19.670
19.958
20.029
20.629
20.086
20.119
20.074
20.194
20.255
20.180
20.184
20.096
20.096
20.294
20.145
20.206
20.066
20.099
20.054
20.054
19.408
20.162
20.135
20.172
20.068
20.062
20.082
20.066
19.719
19.930
20.135
20.033
20.159
20.036
19.631
20.044
20.875
20.875
20.070
20.184
20.101
20.168
20.111
20.001
19.676
19.599
20.131
19.538
20.222
20.253
20.257
20.084
20.145
20.222
20.070
20.151
20.115
20.066
20.174
19.765
20.385
20.076
20.229
20.273
20.259
20.070
20.123
20.036
19.410
19.410
20.074
20.074
.000
.000
20.033
20.025
20.084
20.513
20.111
20.162
20.174
20.048
19.391
20.178
20.103
20.491
20.054
19.686
20.021
20.070
20.166
20.166
.000
20.009
20.164
20.153
19.865
19.914
20.048
20.036
20.013
19.985
19.973
19.973
19.899
19.523
19.465
19.465
19.454
20.007
19.934
19.206
20.139
20.090
20.318
20.015
20.159
20.107
20.058
19.489
19.979
19.979
.000
20.119
20.149
20.123
20.149
19.940
20.170
20.070
19.940
20.141
20.101
20.038
20.031
20.027
20.076
20.076
20.119
20.875
20.269
20.269
20.078
20.078
20.105
20.111
20.088
20.056
20.198
20.328
20.820
19.206
20.728
20.253
19.753
19.749
20.176
20.033
19.999
19.584
20.133
19.532
20.184
20.180
20.139
20.139
.000
.000
19.619
20.072
19.578
20.184
20.125
20.082
20.147
20.096
20.143
19.983
20.038
20.157
19.743
19.975
20.076
20.076
20.241
20.129
20.056
20.099
19.351
20.125
20.046
20.147
20.127
20.149
20.084
20.054
20.198
20.198
20.113
20.151
20.025
20.206
20.312
20.135
19.660
20.340
20.153
20.107
20.084
19.412
20.109
20.155
20.151
20.180
19.989
19.591
19.538
20.127
20.680
20.324
20.109
20.062
20.017
20.038
20.092
20.105
20.088
20.046
20.019
20.056
20.060
20.107
20.245
20.338
20.682
20.680
19.206
19.206
20.125
20.113
20.060
19.554
19.538
19.538
19.540
19.540
19.540
19.546
19.552
20.036
20.084
20.119
20.133
20.127
20.139
19.206
19.206
19.206
19.206
19.206
19.206
19.206
19.206
19.206
19.206
19.206
19.206
19.206
20.143
20.133
20.131
20.125
20.129
20.121
20.121
20.119
20.121
20.121
20.125
20.127
20.143
20.159
20.157
20.168
20.159
20.166
20.151
20.153
20.135
20.125
20.117
20.121
20.119
20.119
20.127
20.129
20.107
20.099
20.082
20.068
20.054
20.042
20.038
20.025
20.025
20.023
20.023
20.023
20.023
20.015
20.025
20.033
20.025
20.036
20.036
20.038
20.038
20.025
20.033
20.023
20.023
20.025
20.017
20.023
20.023
20.025
20.025
20.019
20.025
20.027
20.021
20.021
20.025
20.029
20.029
20.021
20.021
20.019
20.021
20.023
20.021
20.021
20.021
20.021
20.021
20.021
20.021
20.021
20.021
20.023
20.021
20.021
20.021
20.021
20.021
20.021
20.021
20.021
20.021
20.021
20.023
20.023
20.031
20.031
20.031
20.023
20.023
20.023
20.029
20.023
20.023
20.023
20.031
20.031
20.023
20.031
20.033
20.033
20.033
20.033
20.033
20.033
20.031
20.033
20.033
20.033
20.033
20.033
20.031
20.033
20.033
20.033
20.033
20.033
20.033
20.033
20.033
20.033
20.033
20.033
20.033
20.033
20.033
20.033
20.033
20.036
20.033
20.036
20.033
20.033
20.036
20.036
20.036
20.036
20.036
20.036
20.036
20.036
20.036
20.036
20.036
20.036
20.036
20.036
20.036
20.036
20.036
20.036
20.036
20.036
20.036
20.036
20.029
20.036
20.036
20.036
20.036
20.036
20.029
20.036
20.036
20.036
20.036
20.036
20.036
20.036
20.036
20.036
20.036
20.029
20.036
20.036
20.036
20.036
20.036
20.038
20.038
20.036
20.040
20.031
20.031
20.031
20.031
20.036
20.031
20.038
20.031
20.038
20.038
20.038
20.042
20.042
20.038
20.038
20.042
20.042
20.040
20.031
20.038
20.042
20.031
20.038
20.033
20.042
20.040
20.033
20.033
20.040
20.044
20.033
20.033
20.033
20.033
20.048
20.048
20.033
20.044
20.038
20.048
20.038
20.042
20.038
20.038
20.042
20.042
20.038
20.042
20.038
20.038
20.038
20.038
20.038
20.027
20.038
20.042
20.038
20.038
20.038
20.038
20.038
20.027
20.038
20.038
20.038
20.027
20.042
20.042
20.042
20.042
20.038
20.042
20.042
20.042
20.042
20.038
20.042
20.042
20.038
20.042
20.038
20.038
20.040
20.040
20.044
20.038
20.044
20.044
20.038
20.044
20.044
20.044
20.044
20.044
20.044
20.044
20.044
20.044
20.044
20.044
20.044
20.044
20.044
20.044
20.038
20.044
20.044
20.044
20.044
20.044
20.044
20.038
20.038
20.038
20.044
20.038
20.040
20.040
20.044
20.038
20.044
20.040
20.040
20.040
20.038
20.038
20.038
20.040
20.038
20.038
20.042
20.040
20.040
20.040
20.040
20.040
20.040
20.040
20.040
20.040
20.042
20.040
20.040
20.040
20.038
20.040
20.040
20.040
20.040
20.040
20.040
20.040
20.040
20.040
20.040
20.040
20.040
20.040
20.040
20.040
20.042
20.040
20.042
20.042
20.040
20.042
20.042
20.040
20.042
20.042
20.040
20.042
20.040
20.042
20.042
20.042
20.042
20.042
20.050
20.042
20.042
20.042
20.042
20.042
20.042
20.042
20.042
20.042
20.042
20.042
20.042
20.040
20.040
20.042
20.042
20.042
20.042
20.042
20.042
20.040
20.042
20.042
20.040
20.042
20.042
20.042
20.042
20.042
20.042
20.042
20.042
20.040
20.042
20.042
20.042
20.042
20.042
20.042
20.042
20.042
20.042
20.050
20.050
20.042
20.042
20.042
20.042
20.050
20.050
20.050
20.050
20.050
20.042
20.050
20.052
20.050
20.050
20.052
20.050
20.050
20.056
20.050
20.050
20.050
20.050
20.048
20.050
20.056
20.050
20.050
20.056
20.056
20.050
20.056
20.050
20.050
20.050
20.056
20.050
20.056
20.056
20.056
20.050
20.056
20.056
20.056
20.052
20.056
20.052
20.052
20.056
20.052
20.056
20.052
20.050
20.056
20.056
20.050
20.056
20.052
20.052
20.052
20.056
20.052
20.056
20.056
20.056
20.050
20.052
20.050
20.052
20.052
20.056
20.056
20.052
20.052
20.056
20.056
20.052
20.052
20.056
20.056
20.052
20.052
20.056
20.056
20.052
20.056
20.056
20.056
20.050
20.052
20.052
20.056
20.056
20.052
20.052
20.056
20.056
20.052
20.052
20.056
20.056
20.050
20.052
20.052
20.056
20.056
20.052
20.052
20.056
20.056
20.052
20.052
20.056
20.056
20.050
20.052
20.052
20.056
20.056
20.052
20.052
20.056
20.056
20.052
20.052
20.056
20.056
20.052
20.052
20.056
20.056
20.052
20.052
20.056
20.056
20.052
20.052
20.056
20.056
20.052
20.052
20.056
20.056
20.052
20.052
20.056
20.056
20.052
20.052
20.056
20.056
20.052
20.052
20.056
20.056
20.054
20.052
20.052
20.056
20.056
20.052
20.052
20.056
20.056
20.054
20.052
20.052
20.056
20.056
20.052
20.052
20.056
20.056
20.052
20.052
20.056
20.056
20.054
20.052
20.054
20.056
20.052
20.056
20.056
20.056
20.054
20.052
20.052
20.056
20.056
20.052
20.052
20.056
20.056
20.054
20.052
20.054
20.056
20.054
20.054
20.054
20.054
20.054
20.054
20.054
20.060
20.054
20.052
20.060
20.056
20.060
20.054
20.054
20.054
20.060
20.054
20.054
20.054
20.060
20.054
20.054
20.054
20.060
20.052
20.060
20.060
20.054
20.056
20.054
20.060
20.054
20.054
20.060
20.060
20.060
20.060
20.054
20.054
20.054
20.054
20.060
20.054
20.054
20.054
20.060
20.054
20.054
20.060
20.060
20.060
20.060
20.054
20.060
20.060
20.060
20.060
20.060
20.054
20.054
20.060
20.060
20.060
20.054
20.060
20.060
20.060
20.060
20.060
20.060
20.060
20.060
20.068
20.060
20.060
20.060
20.060
20.068
20.060
20.060
20.060
20.060
20.060
20.060
20.060
20.060
20.060
20.060
20.060
20.060
20.060
20.060
20.060
20.060
20.060
20.060
20.060
20.060
20.060
20.060
20.060
20.068
20.060
20.060
20.060
20.060
20.060
20.068
20.060
20.068
20.060
20.068
20.060
20.060
20.060
20.068
20.068
20.060
20.060
20.060
20.068
20.060
20.060
20.068
20.060
20.068
20.068
20.068
20.068
20.068
20.060
20.060
20.068
20.068
20.068
20.068
20.068
20.068
20.068
20.060
20.068
20.068
20.068
20.060
20.068
20.068
20.068
20.060
20.068
20.068
20.068
20.060
20.068
20.068
20.068
20.068
20.068
20.068
20.068
20.068
20.068
20.068
20.068
20.068
20.068
20.068
20.068
20.068
20.068
20.068
20.068
20.068
20.068
20.068
20.068
20.068
20.068
20.068
20.068
20.068
20.068
20.068
20.068
20.068
20.068
20.068
20.068
20.068
20.068
20.068
20.068
20.068
20.068
20.068
20.060
20.068
20.068
20.068
20.068
20.068
20.068
20.068
20.060
20.068
20.068
20.068
20.068
20.068
20.068
20.068
20.068
20.068
20.068
20.068
20.068
20.068
20.068
20.068
20.068
20.068
20.068
20.068
20.068
20.068
20.068
20.068
20.068
20.068
20.068
20.068
20.068
20.068
20.068
20.068
20.068
20.068
20.068
20.068
20.068
20.068
20.068
20.068
20.068
20.068
20.068
20.068
20.068
20.068
20.068
20.068
20.068
20.068
20.068
20.068
20.068
20.068
20.068
20.068
20.068
20.068
20.068
20.068
20.068
20.068
20.068
20.068
20.068
20.074
20.068
20.076
20.068
20.068
20.068
20.068
20.068
20.068
20.068
20.074
20.068
20.076
20.068
20.068
20.068
20.068
20.068
20.068
20.068
20.068
20.068
20.068
20.068
20.068
20.068
20.068
20.068
20.074
20.074
20.076
20.076
20.068
20.074
20.068
20.076
20.070
20.068
20.068
20.074
20.074
20.076
20.076
20.074
20.068
20.076
20.070
20.070
20.076
20.076
20.068
20.068
20.068
20.074
20.076
20.076
20.076
20.070
20.070
20.068
20.074
20.076
20.070
20.072
20.072
20.068
20.076
20.072
20.076
20.074
20.068
20.070
20.074
20.076
20.076
20.076
20.068
20.074
20.070
20.074
20.074
20.076
20.076
20.076
20.072
20.068
20.076
20.070
20.076
20.070
20.070
20.070
20.076
20.074
20.076
20.084
20.076
20.074
20.074
20.076
20.076
20.074
20.074
20.084
20.076
20.074
20.076
20.076
20.076
20.076
20.076
20.076
20.076
20.070
20.076
20.074
20.076
20.084
20.076
20.076
20.076
20.076
20.076
20.076
20.074
20.074
20.076
20.084
20.074
20.076
20.084
20.076
20.082
20.076
20.076
20.076
20.076
20.076
20.080
20.072
20.074
20.076
20.084
20.076
20.074
20.080
20.084
20.076
20.076
20.074
20.076
20.084
20.076
20.076
20.082
20.076
20.084
20.074
20.076
20.084
20.076
20.076
20.076
20.076
20.084
20.074
20.074
20.076
20.084
20.076
20.076
20.076
20.084
20.076
20.076
20.084
20.084
20.076
20.076
20.076
20.084
20.086
20.082
20.076
20.080
20.090
20.080
20.074
20.076
20.084
20.076
20.086
20.084
20.082
20.082
20.074
20.088
20.084
20.074
20.084
20.084
20.082
20.082
20.086
20.090
20.090
20.076
20.082
20.080
20.086
20.076
20.076
20.076
20.082
20.086
20.084
20.076
20.076
20.084
20.082
20.086
20.090
20.074
20.082
20.084
20.082
20.090
20.082
20.090
20.090
20.086
20.086
20.086
20.078
20.086
20.086
20.086
20.090
20.082
20.090
20.084
20.082
20.090
20.076
20.086
20.090
20.074
20.088
20.084
20.076
20.080
20.082
20.090
20.090
20.076
20.090
20.090
20.086
20.082
20.086
20.076
20.082
20.086
20.076
20.088
20.086
20.086
20.090
20.082
20.086
20.088
20.090
20.090
20.086
20.086
20.084
20.076
20.090
20.076
20.090
20.086
20.086
20.086
20.090
20.086
20.092
20.088
20.090
20.090
20.086
20.086
20.086
20.088
20.090
20.090
20.090
20.086
20.088
20.090
20.090
20.086
20.086
20.086
20.086
20.090
20.090
20.090
20.090
20.090
20.090
20.086
20.086
20.082
20.082
20.090
20.090
20.090
20.090
20.090
20.092
20.086
20.088
20.082
20.092
20.086
20.090
20.090
20.090
20.086
20.086
20.092
20.090
20.090
20.090
20.090
20.086
20.090
20.086
20.090
20.090
20.086
20.086
20.090
20.086
20.090
20.090
20.090
20.090
20.090
20.086
20.090
20.086
20.090
20.090
20.090
20.092
20.090
20.090
20.090
20.090
20.090
20.090
20.090
